-7.999900e+00 -8.999600e+00 
-1.999100e+00 -4.998400e+00 
-4.997500e+00 -7.996400e+00 
-5.995100e+00 -2.993600e+00 
-3.991900e+00 -6.990000e+00 
-3.987900e+00 -6.985600e+00 
-4.983100e+00 -3.980400e+00 
-3.977500e+00 -4.974400e+00 
-7.971100e+00 -2.967600e+00 
-6.963900e+00 -7.960000e+00 
-1.095590e+01 -5.951600e+00 
-7.947100e+00 -5.942400e+00 
-4.937500e+00 -4.932400e+00 
-1.927100e+00 -2.921600e+00 
-4.915900e+00 -3.910000e+00 
5.096100e+00 2.810240e+01 
8.010890e+01 1.501156e+02 
1.531225e+02 1.191296e+02 
5.913690e+01 1.414440e+01 
-1.184790e+01 -2.684000e+01 
-2.083190e+01 -1.582360e+01 
-1.381510e+01 -1.480640e+01 
-1.279750e+01 -1.078840e+01 
-1.277910e+01 -1.176960e+01 
-1.175990e+01 -8.750000e+00 
-1.073990e+01 -1.072960e+01 
-8.719100e+00 -1.070840e+01 
-1.169750e+01 -1.068640e+01 
-1.167510e+01 -1.066360e+01 
-1.165190e+01 -1.164000e+01 
-1.362790e+01 -9.615600e+00 
-5.603100e+00 -8.590400e+00 
-6.577500e+00 -4.564400e+00 
-4.551100e+00 -3.537600e+00 
-2.523900e+00 -1.510000e+00 
2.504100e+00 3.518400e+00 
8.532900e+00 9.547600e+00 
1.256250e+01 1.457760e+01 
1.359290e+01 7.608400e+00 
3.624100e+00 -1.360000e+00 
-1.343900e+00 -3.327600e+00 
-4.311100e+00 -2.294400e+00 
-5.277500e+00 -4.260400e+00 
-5.243100e+00 -4.225600e+00 
-5.207900e+00 -5.190000e+00 
-5.171900e+00 -5.153600e+00 
-6.135100e+00 -5.116400e+00 
-6.097500e+00 -6.078400e+00 
-7.059100e+00 -6.039600e+00 
-6.019900e+00 -6 
-5.979900e+00 -4.959600e+00 
-5.939100e+00 -4.918400e+00 
-5.897500e+00 -5.876400e+00 
-5.855100e+00 -4.833600e+00 
-4.811900e+00 -7.790000e+00 
-8.767900e+00 -1.074560e+01 
-8.723100e+00 -8.700400e+00 
-8.677500e+00 2.345600e+00 
3.236890e+01 1.103924e+02 
1.874161e+02 1.794400e+02 
9.846410e+01 1.748840e+01 
-1.948710e+01 -2.446240e+01 
-2.243750e+01 -2.141240e+01 
-1.938710e+01 -1.636160e+01 
-1.533590e+01 -1.331000e+01 
-1.328390e+01 -1.225760e+01 
-1.123110e+01 -1.020440e+01 
-9.177500e+00 -7.150400e+00 
-7.123100e+00 -7.095600e+00 
-7.067900e+00 -8.040000e+00 
-5.011900e+00 -4.983600e+00 
-5.955100e+00 -4.926400e+00 
-3.897500e+00 -2.868400e+00 
-1.839100e+00 1.904000e-01 
2.201000e-01 2.250000e+00 
5.280100e+00 7.310400e+00 
1.234090e+01 1.737160e+01 
2.040250e+01 2.443360e+01 
2.646490e+01 2.849640e+01 
3.252810e+01 3.056000e+01 
2.859210e+01 2.462440e+01 
1.765690e+01 1.368960e+01 
8.722500e+00 3.755600e+00 
-1.211100e+00 -3.177600e+00 
-3.143900e+00 -6.110000e+00 
-7.075900e+00 -8.041600e+00 
-7.007100e+00 -6.972400e+00 
-5.937500e+00 -1.902400e+00 
-8.671000e-01 1.168400e+00 
-7.959000e-01 2.400000e-01 
2.276100e+00 2.312400e+00 
2.348900e+00 2.385600e+00 
4.225000e-01 -5.404000e-01 
4.969000e-01 -2.465600e+00 
-5.427900e+00 -5.390000e+00 
-4.351900e+00 -7.313600e+00 
-6.275100e+00 -7.236400e+00 
-6.197500e+00 -7.158400e+00 
-5.119100e+00 -5.079600e+00 
-5.039900e+00 -5 
-4.959900e+00 -4.919600e+00 
-4.879100e+00 -3.838400e+00 
-1.797500e+00 -1.756400e+00 
-4.715100e+00 -4.673600e+00 
-3.631900e+00 -4.590000e+00 
-5.547900e+00 -7.505600e+00 
-5.463100e+00 -6.420400e+00 
-5.377500e+00 -5.334400e+00 
-4.291100e+00 -4.247600e+00 
-5.203900e+00 -4.160000e+00 
-6.115900e+00 -3.071600e+00 
-6.027100e+00 -2.982400e+00 
-2.937500e+00 -2.892400e+00 
-8.471000e-01 1.319840e+01 
5.324410e+01 1.482900e+02 
2.073361e+02 1.863824e+02 
1.154289e+02 2.947560e+01 
-6.477500e+00 -1.643040e+01 
-1.338310e+01 -1.133560e+01 
-8.287900e+00 -9.240000e+00 
-7.191900e+00 -7.143600e+00 
-9.095100e+00 -6.046400e+00 
-3.997500e+00 -3.948400e+00 
-2.899100e+00 -7.849600e+00 
-6.799900e+00 -7.750000e+00 
-8.699900e+00 -6.649600e+00 
-7.599100e+00 -5.548400e+00 
-4.497500e+00 -5.446400e+00 
-5.395100e+00 -4.343600e+00 
-5.291900e+00 -5.240000e+00 
-5.187900e+00 -2.135600e+00 
9.169000e-01 2.969600e+00 
7.022500e+00 1.007560e+01 
9.128900e+00 1.118240e+01 
1.223610e+01 1.529000e+01 
1.834410e+01 2.139840e+01 
2.345290e+01 2.150760e+01 
1.756250e+01 1.361760e+01 
1.067290e+01 7.728400e+00 
5.784100e+00 6.840000e+00 
4.896100e+00 4.952400e+00 
5.008900e+00 6.065600e+00 
7.122500e+00 8.179600e+00 
7.236900e+00 5.294400e+00 
6.352100e+00 5.410000e+00 
5.468100e+00 4.526400e+00 
7.584900e+00 6.643600e+00 
5.702500e+00 4.761600e+00 
5.820900e+00 6.880400e+00 
5.940100e+00 8 
6.060100e+00 5.120400e+00 
2.180900e+00 6.241600e+00 
2.302500e+00 2.363600e+00 
2.424900e+00 1.486400e+00 
-1.451900e+00 -2.390000e+00 
-2.327900e+00 -3.265600e+00 
-2.203100e+00 -1.140400e+00 
2.922500e+00 2.098560e+01 
5.904890e+01 1.471124e+02 
1.821761e+02 1.492400e+02 
9.330410e+01 2.936840e+01 
1.432900e+00 -1.050240e+01 
-4.437500e+00 -7.372400e+00 
-3.307100e+00 -2.241600e+00 
-3.175900e+00 -3.110000e+00 
-6.043900e+00 -1.977600e+00 
8.890000e-02 1.556000e-01 
1.222500e+00 -7.104000e-01 
-6.431000e-01 1.424400e+00 
-1.507900e+00 1.560000e+00 
6.281000e-01 6.964000e-01 
-2.351000e-01 3.833600e+00 
4.902500e+00 5.971600e+00 
7.040900e+00 1.211040e+01 
1.018010e+01 1.625000e+01 
1.832010e+01 2.139040e+01 
2.246090e+01 2.553160e+01 
2.860250e+01 2.767360e+01 
3.174490e+01 3.581640e+01 
3.688810e+01 3.596000e+01 
3.103210e+01 2.510440e+01 
2.217690e+01 1.724960e+01 
1.532250e+01 1.339560e+01 
1.246890e+01 1.154240e+01 
1.061610e+01 8.690000e+00 
7.764100e+00 1.083840e+01 
7.912900e+00 7.987600e+00 
7.062500e+00 6.137600e+00 
8.212900e+00 6.288400e+00 
5.364100e+00 7.440000e+00 
8.516100e+00 6.592400e+00 
9.668900e+00 7.745600e+00 
8.822500e+00 6.899600e+00 
8.976900e+00 1.005440e+01 
1.013210e+01 1.121000e+01 
1.228810e+01 1.236640e+01 
1.244490e+01 9.523600e+00 
1.060250e+01 6.681600e+00 
6.760900e+00 8.840400e+00 
6.920100e+00 4 
5.080100e+00 3.160400e+00 
5.240900e+00 1.032160e+01 
6.402500e+00 6.483600e+00 
1.256490e+01 7.646400e+00 
1.272810e+01 1.381000e+01 
2.889210e+01 6.097440e+01 
1.490569e+02 1.831396e+02 
1.532225e+02 1.133056e+02 
5.138890e+01 2.447240e+01 
1.556100e+00 1.640000e+00 
-3.275900e+00 2.808400e+00 
4.892900e+00 3.977600e+00 
5.062500e+00 6.147600e+00 
5.232900e+00 6.318400e+00 
6.404100e+00 1.349000e+01 
7.576100e+00 9.662400e+00 
1.074890e+01 1.083560e+01 
8.922500e+00 1.100960e+01 
1.109690e+01 1.318440e+01 
1.027210e+01 1.336000e+01 
9.448100e+00 1.453640e+01 
1.362490e+01 1.171360e+01 
1.380250e+01 1.489160e+01 
1.798090e+01 2.107040e+01 
2.116010e+01 2.725000e+01 
3.034010e+01 3.143040e+01 
3.652090e+01 4.061160e+01 
3.870250e+01 3.379360e+01 
3.188490e+01 2.797640e+01 
2.506810e+01 2.216000e+01 
2.325210e+01 2.034440e+01 
2.143690e+01 2.152960e+01 
1.662250e+01 1.771560e+01 
1.780890e+01 1.890240e+01 
2.099610e+01 1.809000e+01 
1.718410e+01 1.727840e+01 
1.837290e+01 1.846760e+01 
1.856250e+01 2.265760e+01 
1.975290e+01 1.884840e+01 
1.994410e+01 1.904000e+01 
1.913610e+01 1.923240e+01 
1.832890e+01 1.842560e+01 
1.752250e+01 1.861960e+01 
1.571690e+01 1.481440e+01 
1.391210e+01 1.401000e+01 
1.510810e+01 1.420640e+01 
1.130490e+01 1.040360e+01 
1.150250e+01 1.060160e+01 
1.070090e+01 1.280040e+01 
1.290010e+01 13 
1.410010e+01 1.420040e+01 
1.430090e+01 1.540160e+01 
1.650250e+01 1.660360e+01 
2.270490e+01 4.480640e+01 
1.019081e+02 2.010100e+02 
2.321121e+02 1.782144e+02 
9.331690e+01 2.641960e+01 
6.522500e+00 1.625600e+00 
8.728900e+00 8.832400e+00 
1.593610e+01 1.604000e+01 
1.614410e+01 1.624840e+01 
1.435290e+01 1.745760e+01 
1.556250e+01 1.666760e+01 
1.677290e+01 1.387840e+01 
1.598410e+01 1.409000e+01 
1.719610e+01 1.830240e+01 
1.840890e+01 2.151560e+01 
2.162250e+01 2.072960e+01 
2.283690e+01 2.394440e+01 
2.505210e+01 2.716000e+01 
2.726810e+01 3.037640e+01 
3.048490e+01 3.059360e+01 
3.270250e+01 3.381160e+01 
3.592090e+01 3.903040e+01 
4.114010e+01 4.725000e+01 
4.636010e+01 4.747040e+01 
4.558090e+01 4.369160e+01 
4.080250e+01 3.691360e+01 
3.502490e+01 3.413640e+01 
3.424810e+01 3.436000e+01 
3.047210e+01 3.158440e+01 
2.869690e+01 2.980960e+01 
2.892250e+01 3.203560e+01 
3.114890e+01 3.226240e+01 
3.137610e+01 3.149000e+01 
3.260410e+01 3.271840e+01 
3.283290e+01 3.194760e+01 
3.406250e+01 3.417760e+01 
3.529290e+01 3.640840e+01 
3.352410e+01 3.164000e+01 
3.175610e+01 3.187240e+01 
3.198890e+01 3.310560e+01 
2.922250e+01 2.933960e+01 
2.845690e+01 2.957440e+01 
2.969210e+01 2.881000e+01 
2.792810e+01 2.604640e+01 
2.516490e+01 2.628360e+01 
2.740250e+01 2.852160e+01 
3.164090e+01 3.076040e+01 
3.088010e+01 30 
2.812010e+01 2.924040e+01 
2.836090e+01 2.948160e+01 
2.760250e+01 2.872360e+01 
3.084490e+01 3.096640e+01 
3.108810e+01 3.021000e+01 
2.833210e+01 2.945440e+01 
2.857690e+01 2.869960e+01 
2.882250e+01 2.894560e+01 
2.906890e+01 3.119240e+01 
3.131610e+01 3.044000e+01 
3.456410e+01 3.368840e+01 
3.281290e+01 3.393760e+01 
3.306250e+01 3.318760e+01 
3.031290e+01 3.343840e+01 
3.056410e+01 2.969000e+01 
3.181610e+01 3.294240e+01 
3.406890e+01 3.419560e+01 
3.532250e+01 3.444960e+01 
3.157690e+01 3.270440e+01 
3.483210e+01 3.596000e+01 
3.608810e+01 5.121640e+01 
9.134490e+01 1.864736e+02 
2.526025e+02 2.407316e+02 
1.658609e+02 6.999040e+01 
2.612010e+01 1.825000e+01 
2.438010e+01 2.451040e+01 
2.964090e+01 2.977160e+01 
3.190250e+01 3.303360e+01 
3.216490e+01 3.529640e+01 
3.542810e+01 3.456000e+01 
3.569210e+01 3.382440e+01 
3.395690e+01 3.308960e+01 
3.222250e+01 3.335560e+01 
3.548890e+01 3.662240e+01 
3.375610e+01 3.489000e+01 
3.602410e+01 3.615840e+01 
3.729290e+01 3.642760e+01 
3.856250e+01 4.069760e+01 
4.283290e+01 4.396840e+01 
4.610410e+01 4.824000e+01 
4.937610e+01 5.151240e+01 
5.264890e+01 5.378560e+01 
5.792250e+01 5.905960e+01 
5.919690e+01 5.733440e+01 
5.547210e+01 5.361000e+01 
5.174810e+01 5.288640e+01 
5.002490e+01 4.816360e+01 
4.930250e+01 4.844160e+01 
4.958090e+01 4.672040e+01 
4.686010e+01 47 
4.614010e+01 4.628040e+01 
4.542090e+01 4.656160e+01 
4.870250e+01 5.084360e+01 
4.898490e+01 4.712640e+01 
4.526810e+01 4.841000e+01 
4.955210e+01 5.069440e+01 
4.883690e+01 4.797960e+01 
5.012250e+01 5.026560e+01 
4.740890e+01 4.955240e+01 
4.769610e+01 4.684000e+01 
4.698410e+01 4.512840e+01 
4.327290e+01 4.241760e+01 
4.256250e+01 4.270760e+01 
4.185290e+01 4.099840e+01 
4.414410e+01 4.329000e+01 
4.643610e+01 4.558240e+01 
4.472890e+01 4.587560e+01 
4.702250e+01 4.816960e+01 
5.031690e+01 4.846440e+01 
5.161210e+01 5.176000e+01 
4.990810e+01 6.005640e+01 
9.220490e+01 1.533536e+02 
2.185025e+02 2.096516e+02 
1.618009e+02 1.019504e+02 
6.810010e+01 4.425000e+01 
3.340010e+01 3.755040e+01 
4.470090e+01 4.585160e+01 
4.300250e+01 4.615360e+01 
4.430490e+01 4.345640e+01 
4.360810e+01 4.476000e+01 
4.491210e+01 4.406440e+01 
4.521690e+01 4.536960e+01 
4.552250e+01 4.867560e+01 
4.882890e+01 5.298240e+01 
5.313610e+01 5.329000e+01 
5.444410e+01 5.559840e+01 
5.675290e+01 5.790760e+01 
5.906250e+01 6.421760e+01 
6.237290e+01 6.452840e+01 
6.668410e+01 7.284000e+01 
6.999610e+01 7.615240e+01 
7.730890e+01 8.046560e+01 
